91 144
88 165
87 182
90 200
97 217
110 232
122 243
141 249
167 253
190 251
205 240
218 227
231 214
242 198
248 143
251 165
249 146
118 114
128 105
139 102
150 104
156 117
185 119
190 107
200 105
211 107
222 116
170 108
170 126
169 142
169 156
150 182
160 190
171 196
181 191
192 183
128 117
136 112
143 115
147 125
139 126
131 123
194 126
198 118
206 114
213 120
207 126
199 126
138 202
148 209
158 205
171 204
183 205
193 208
205 202
204 215
192 219
179 216
164 216
152 219
140 215
155 211
173 210
185 212
205 218
184 215
171 213
157 215
